1 1 0.01 0.01
1 1 0.01 0.02
1 1 0.01 0.03
1 1 0.01 0.04
1 1 0.01 0.05
1 1 0.02 0.01
1 1 0.02 0.02
1 1 0.02 0.03
1 1 0.02 0.04
1 1 0.02 0.05
1 1 0.03 0.01
1 1 0.03 0.02
1 1 0.03 0.03
1 1 0.03 0.04
1 1 0.03 0.05
1 1 0.04 0.01
1 1 0.04 0.02
1 1 0.04 0.03
1 1 0.04 0.04
1 1 0.04 0.05 
1 1 0.05 0.01
1 1 0.05 0.02
1 1 0.05 0.03
1 1 0.05 0.04
1 1 0.05 0.05 
1 2 0.01 0.01
1 2 0.01 0.02
1 2 0.01 0.03
1 2 0.01 0.04
1 2 0.01 0.05 
1 2 0.02 0.01
1 2 0.02 0.02
1 2 0.02 0.03
1 2 0.02 0.04
1 2 0.02 0.05 
1 2 0.03 0.01
1 2 0.03 0.02
1 2 0.03 0.03
1 2 0.03 0.04
1 2 0.03 0.05 
1 2 0.04 0.01
1 2 0.04 0.02
1 2 0.04 0.03
1 2 0.04 0.04
1 2 0.04 0.05 
1 2 0.05 0.01
1 2 0.05 0.02
1 2 0.05 0.03
1 2 0.05 0.04
1 2 0.05 0.05 
1 4 0.01 0.01
1 4 0.01 0.02
1 4 0.01 0.03
1 4 0.01 0.04
1 4 0.01 0.05 
1 4 0.02 0.01
1 4 0.02 0.02
1 4 0.02 0.03
1 4 0.02 0.04
1 4 0.02 0.05 
1 4 0.03 0.01
1 4 0.03 0.02
1 4 0.03 0.03
1 4 0.03 0.04
1 4 0.03 0.05 
1 4 0.04 0.01
1 4 0.04 0.02
1 4 0.04 0.03
1 4 0.04 0.04
1 4 0.04 0.05 
1 4 0.05 0.01
1 4 0.05 0.02
1 4 0.05 0.03
1 4 0.05 0.04
1 4 0.05 0.05 
2 1 0.01 0.01
2 1 0.01 0.02
2 1 0.01 0.03
2 1 0.01 0.04
2 1 0.01 0.05 
2 1 0.02 0.01
2 1 0.02 0.02
2 1 0.02 0.03
2 1 0.02 0.04
2 1 0.02 0.05 
2 1 0.03 0.01
2 1 0.03 0.02
2 1 0.03 0.03
2 1 0.03 0.04
2 1 0.03 0.05 
2 1 0.04 0.01
2 1 0.04 0.02
2 1 0.04 0.03
2 1 0.04 0.04
2 1 0.04 0.05 
2 1 0.05 0.01
2 1 0.05 0.02
2 1 0.05 0.03
2 1 0.05 0.04
2 1 0.05 0.05 
2 2 0.01 0.01
2 2 0.01 0.02
2 2 0.01 0.03
2 2 0.01 0.04
2 2 0.01 0.05 
2 2 0.02 0.01
2 2 0.02 0.02
2 2 0.02 0.03
2 2 0.02 0.04
2 2 0.02 0.05 
2 2 0.03 0.01
2 2 0.03 0.02
2 2 0.03 0.03
2 2 0.03 0.04
2 2 0.03 0.05 
2 2 0.04 0.01
2 2 0.04 0.02
2 2 0.04 0.03
2 2 0.04 0.04
2 2 0.04 0.05 
2 2 0.05 0.01
2 2 0.05 0.02
2 2 0.05 0.03
2 2 0.05 0.04
2 2 0.05 0.05 
2 4 0.01 0.01
2 4 0.01 0.02
2 4 0.01 0.03
2 4 0.01 0.04
2 4 0.01 0.05 
2 4 0.02 0.01
2 4 0.02 0.02
2 4 0.02 0.03
2 4 0.02 0.04
2 4 0.02 0.05 
2 4 0.03 0.01
2 4 0.03 0.02
2 4 0.03 0.03
2 4 0.03 0.04
2 4 0.03 0.05 
2 4 0.04 0.01
2 4 0.04 0.02
2 4 0.04 0.03
2 4 0.04 0.04
2 4 0.04 0.05 
2 4 0.05 0.01
2 4 0.05 0.02
2 4 0.05 0.03
2 4 0.05 0.04
2 4 0.05 0.05 
4 1 0.01 0.01
4 1 0.01 0.02
4 1 0.01 0.03
4 1 0.01 0.04
4 1 0.01 0.05 
4 1 0.02 0.01
4 1 0.02 0.02
4 1 0.02 0.03
4 1 0.02 0.04
4 1 0.02 0.05 
4 1 0.03 0.01
4 1 0.03 0.02
4 1 0.03 0.03
4 1 0.03 0.04
4 1 0.03 0.05 
4 1 0.04 0.01
4 1 0.04 0.02
4 1 0.04 0.03
4 1 0.04 0.04
4 1 0.04 0.05 
4 1 0.05 0.01
4 1 0.05 0.02
4 1 0.05 0.03
4 1 0.05 0.04
4 1 0.05 0.05 
4 2 0.01 0.01
4 2 0.01 0.02
4 2 0.01 0.03
4 2 0.01 0.04
4 2 0.01 0.05 
4 2 0.02 0.01
4 2 0.02 0.02
4 2 0.02 0.03
4 2 0.02 0.04
4 2 0.02 0.05 
4 2 0.03 0.01
4 2 0.03 0.02
4 2 0.03 0.03
4 2 0.03 0.04
4 2 0.03 0.05 
4 2 0.04 0.01
4 2 0.04 0.02
4 2 0.04 0.03
4 2 0.04 0.04
4 2 0.04 0.05 
4 2 0.05 0.01
4 2 0.05 0.02
4 2 0.05 0.03
4 2 0.05 0.04
4 2 0.05 0.05 
4 4 0.01 0.01
4 4 0.01 0.02
4 4 0.01 0.03
4 4 0.01 0.04
4 4 0.01 0.05 
4 4 0.02 0.01
4 4 0.02 0.02
4 4 0.02 0.03
4 4 0.02 0.04
4 4 0.02 0.05 
4 4 0.03 0.01
4 4 0.03 0.02
4 4 0.03 0.03
4 4 0.03 0.04
4 4 0.03 0.05 
4 4 0.04 0.01
4 4 0.04 0.02
4 4 0.04 0.03
4 4 0.04 0.04
4 4 0.04 0.05 
4 4 0.05 0.01
4 4 0.05 0.02
4 4 0.05 0.03
4 4 0.05 0.04
4 4 0.05 0.05