10 1 1 0.01 0.01
10 1 1 0.01 0.02
10 1 1 0.01 0.03
10 1 1 0.01 0.04
10 1 1 0.01 0.05
10 1 1 0.02 0.01
10 1 1 0.02 0.02
10 1 1 0.02 0.03
10 1 1 0.02 0.04
10 1 1 0.02 0.05
10 1 1 0.03 0.01
10 1 1 0.03 0.02
10 1 1 0.03 0.03
10 1 1 0.03 0.04
10 1 1 0.03 0.05
10 1 1 0.04 0.01
10 1 1 0.04 0.02
10 1 1 0.04 0.03
10 1 1 0.04 0.04
10 1 1 0.04 0.05 
10 1 1 0.05 0.01
10 1 1 0.05 0.02
10 1 1 0.05 0.03
10 1 1 0.05 0.04
10 1 1 0.05 0.05 
10 1 2 0.01 0.01
10 1 2 0.01 0.02
10 1 2 0.01 0.03
10 1 2 0.01 0.04
10 1 2 0.01 0.05 
10 1 2 0.02 0.01
10 1 2 0.02 0.02
10 1 2 0.02 0.03
10 1 2 0.02 0.04
10 1 2 0.02 0.05 
10 1 2 0.03 0.01
10 1 2 0.03 0.02
10 1 2 0.03 0.03
10 1 2 0.03 0.04
10 1 2 0.03 0.05 
10 1 2 0.04 0.01
10 1 2 0.04 0.02
10 1 2 0.04 0.03
10 1 2 0.04 0.04
10 1 2 0.04 0.05 
10 1 2 0.05 0.01
10 1 2 0.05 0.02
10 1 2 0.05 0.03
10 1 2 0.05 0.04
10 1 2 0.05 0.05 
10 1 4 0.01 0.01
10 1 4 0.01 0.02
10 1 4 0.01 0.03
10 1 4 0.01 0.04
10 1 4 0.01 0.05 
10 1 4 0.02 0.01
10 1 4 0.02 0.02
10 1 4 0.02 0.03
10 1 4 0.02 0.04
10 1 4 0.02 0.05 
10 1 4 0.03 0.01
10 1 4 0.03 0.02
10 1 4 0.03 0.03
10 1 4 0.03 0.04
10 1 4 0.03 0.05 
10 1 4 0.04 0.01
10 1 4 0.04 0.02
10 1 4 0.04 0.03
10 1 4 0.04 0.04
10 1 4 0.04 0.05 
10 1 4 0.05 0.01
10 1 4 0.05 0.02
10 1 4 0.05 0.03
10 1 4 0.05 0.04
10 1 4 0.05 0.05 
10 2 1 0.01 0.01
10 2 1 0.01 0.02
10 2 1 0.01 0.03
10 2 1 0.01 0.04
10 2 1 0.01 0.05 
10 2 1 0.02 0.01
10 2 1 0.02 0.02
10 2 1 0.02 0.03
10 2 1 0.02 0.04
10 2 1 0.02 0.05 
10 2 1 0.03 0.01
10 2 1 0.03 0.02
10 2 1 0.03 0.03
10 2 1 0.03 0.04
10 2 1 0.03 0.05 
10 2 1 0.04 0.01
10 2 1 0.04 0.02
10 2 1 0.04 0.03
10 2 1 0.04 0.04
10 2 1 0.04 0.05 
10 2 1 0.05 0.01
10 2 1 0.05 0.02
10 2 1 0.05 0.03
10 2 1 0.05 0.04
10 2 1 0.05 0.05 
10 2 2 0.01 0.01
10 2 2 0.01 0.02
10 2 2 0.01 0.03
10 2 2 0.01 0.04
10 2 2 0.01 0.05 
10 2 2 0.02 0.01
10 2 2 0.02 0.02
10 2 2 0.02 0.03
10 2 2 0.02 0.04
10 2 2 0.02 0.05 
10 2 2 0.03 0.01
10 2 2 0.03 0.02
10 2 2 0.03 0.03
10 2 2 0.03 0.04
10 2 2 0.03 0.05 
10 2 2 0.04 0.01
10 2 2 0.04 0.02
10 2 2 0.04 0.03
10 2 2 0.04 0.04
10 2 2 0.04 0.05 
10 2 2 0.05 0.01
10 2 2 0.05 0.02
10 2 2 0.05 0.03
10 2 2 0.05 0.04
10 2 2 0.05 0.05 
10 2 4 0.01 0.01
10 2 4 0.01 0.02
10 2 4 0.01 0.03
10 2 4 0.01 0.04
10 2 4 0.01 0.05 
10 2 4 0.02 0.01
10 2 4 0.02 0.02
10 2 4 0.02 0.03
10 2 4 0.02 0.04
10 2 4 0.02 0.05 
10 2 4 0.03 0.01
10 2 4 0.03 0.02
10 2 4 0.03 0.03
10 2 4 0.03 0.04
10 2 4 0.03 0.05 
10 2 4 0.04 0.01
10 2 4 0.04 0.02
10 2 4 0.04 0.03
10 2 4 0.04 0.04
10 2 4 0.04 0.05 
10 2 4 0.05 0.01
10 2 4 0.05 0.02
10 2 4 0.05 0.03
10 2 4 0.05 0.04
10 2 4 0.05 0.05 
10 4 1 0.01 0.01
10 4 1 0.01 0.02
10 4 1 0.01 0.03
10 4 1 0.01 0.04
10 4 1 0.01 0.05 
10 4 1 0.02 0.01
10 4 1 0.02 0.02
10 4 1 0.02 0.03
10 4 1 0.02 0.04
10 4 1 0.02 0.05 
10 4 1 0.03 0.01
10 4 1 0.03 0.02
10 4 1 0.03 0.03
10 4 1 0.03 0.04
10 4 1 0.03 0.05 
10 4 1 0.04 0.01
10 4 1 0.04 0.02
10 4 1 0.04 0.03
10 4 1 0.04 0.04
10 4 1 0.04 0.05 
10 4 1 0.05 0.01
10 4 1 0.05 0.02
10 4 1 0.05 0.03
10 4 1 0.05 0.04
10 4 1 0.05 0.05 
10 4 2 0.01 0.01
10 4 2 0.01 0.02
10 4 2 0.01 0.03
10 4 2 0.01 0.04
10 4 2 0.01 0.05 
10 4 2 0.02 0.01
10 4 2 0.02 0.02
10 4 2 0.02 0.03
10 4 2 0.02 0.04
10 4 2 0.02 0.05 
10 4 2 0.03 0.01
10 4 2 0.03 0.02
10 4 2 0.03 0.03
10 4 2 0.03 0.04
10 4 2 0.03 0.05 
10 4 2 0.04 0.01
10 4 2 0.04 0.02
10 4 2 0.04 0.03
10 4 2 0.04 0.04
10 4 2 0.04 0.05 
10 4 2 0.05 0.01
10 4 2 0.05 0.02
10 4 2 0.05 0.03
10 4 2 0.05 0.04
10 4 2 0.05 0.05 
10 4 4 0.01 0.01
10 4 4 0.01 0.02
10 4 4 0.01 0.03
10 4 4 0.01 0.04
10 4 4 0.01 0.05 
10 4 4 0.02 0.01
10 4 4 0.02 0.02
10 4 4 0.02 0.03
10 4 4 0.02 0.04
10 4 4 0.02 0.05 
10 4 4 0.03 0.01
10 4 4 0.03 0.02
10 4 4 0.03 0.03
10 4 4 0.03 0.04
10 4 4 0.03 0.05 
10 4 4 0.04 0.01
10 4 4 0.04 0.02
10 4 4 0.04 0.03
10 4 4 0.04 0.04
10 4 4 0.04 0.05 
10 4 4 0.05 0.01
10 4 4 0.05 0.02
10 4 4 0.05 0.03
10 4 4 0.05 0.04
10 4 4 0.05 0.05
15 1 1 0.01 0.01
15 1 1 0.01 0.02
15 1 1 0.01 0.03
15 1 1 0.01 0.04
15 1 1 0.01 0.05
15 1 1 0.02 0.01
15 1 1 0.02 0.02
15 1 1 0.02 0.03
15 1 1 0.02 0.04
15 1 1 0.02 0.05
15 1 1 0.03 0.01
15 1 1 0.03 0.02
15 1 1 0.03 0.03
15 1 1 0.03 0.04
15 1 1 0.03 0.05
15 1 1 0.04 0.01
15 1 1 0.04 0.02
15 1 1 0.04 0.03
15 1 1 0.04 0.04
15 1 1 0.04 0.05 
15 1 1 0.05 0.01
15 1 1 0.05 0.02
15 1 1 0.05 0.03
15 1 1 0.05 0.04
15 1 1 0.05 0.05 
15 1 2 0.01 0.01
15 1 2 0.01 0.02
15 1 2 0.01 0.03
15 1 2 0.01 0.04
15 1 2 0.01 0.05 
15 1 2 0.02 0.01
15 1 2 0.02 0.02
15 1 2 0.02 0.03
15 1 2 0.02 0.04
15 1 2 0.02 0.05 
15 1 2 0.03 0.01
15 1 2 0.03 0.02
15 1 2 0.03 0.03
15 1 2 0.03 0.04
15 1 2 0.03 0.05 
15 1 2 0.04 0.01
15 1 2 0.04 0.02
15 1 2 0.04 0.03
15 1 2 0.04 0.04
15 1 2 0.04 0.05 
15 1 2 0.05 0.01
15 1 2 0.05 0.02
15 1 2 0.05 0.03
15 1 2 0.05 0.04
15 1 2 0.05 0.05 
15 1 4 0.01 0.01
15 1 4 0.01 0.02
15 1 4 0.01 0.03
15 1 4 0.01 0.04
15 1 4 0.01 0.05 
15 1 4 0.02 0.01
15 1 4 0.02 0.02
15 1 4 0.02 0.03
15 1 4 0.02 0.04
15 1 4 0.02 0.05 
15 1 4 0.03 0.01
15 1 4 0.03 0.02
15 1 4 0.03 0.03
15 1 4 0.03 0.04
15 1 4 0.03 0.05 
15 1 4 0.04 0.01
15 1 4 0.04 0.02
15 1 4 0.04 0.03
15 1 4 0.04 0.04
15 1 4 0.04 0.05 
15 1 4 0.05 0.01
15 1 4 0.05 0.02
15 1 4 0.05 0.03
15 1 4 0.05 0.04
15 1 4 0.05 0.05 
15 2 1 0.01 0.01
15 2 1 0.01 0.02
15 2 1 0.01 0.03
15 2 1 0.01 0.04
15 2 1 0.01 0.05 
15 2 1 0.02 0.01
15 2 1 0.02 0.02
15 2 1 0.02 0.03
15 2 1 0.02 0.04
15 2 1 0.02 0.05 
15 2 1 0.03 0.01
15 2 1 0.03 0.02
15 2 1 0.03 0.03
15 2 1 0.03 0.04
15 2 1 0.03 0.05 
15 2 1 0.04 0.01
15 2 1 0.04 0.02
15 2 1 0.04 0.03
15 2 1 0.04 0.04
15 2 1 0.04 0.05 
15 2 1 0.05 0.01
15 2 1 0.05 0.02
15 2 1 0.05 0.03
15 2 1 0.05 0.04
15 2 1 0.05 0.05 
15 2 2 0.01 0.01
15 2 2 0.01 0.02
15 2 2 0.01 0.03
15 2 2 0.01 0.04
15 2 2 0.01 0.05 
15 2 2 0.02 0.01
15 2 2 0.02 0.02
15 2 2 0.02 0.03
15 2 2 0.02 0.04
15 2 2 0.02 0.05 
15 2 2 0.03 0.01
15 2 2 0.03 0.02
15 2 2 0.03 0.03
15 2 2 0.03 0.04
15 2 2 0.03 0.05 
15 2 2 0.04 0.01
15 2 2 0.04 0.02
15 2 2 0.04 0.03
15 2 2 0.04 0.04
15 2 2 0.04 0.05 
15 2 2 0.05 0.01
15 2 2 0.05 0.02
15 2 2 0.05 0.03
15 2 2 0.05 0.04
15 2 2 0.05 0.05 
15 2 4 0.01 0.01
15 2 4 0.01 0.02
15 2 4 0.01 0.03
15 2 4 0.01 0.04
15 2 4 0.01 0.05 
15 2 4 0.02 0.01
15 2 4 0.02 0.02
15 2 4 0.02 0.03
15 2 4 0.02 0.04
15 2 4 0.02 0.05 
15 2 4 0.03 0.01
15 2 4 0.03 0.02
15 2 4 0.03 0.03
15 2 4 0.03 0.04
15 2 4 0.03 0.05 
15 2 4 0.04 0.01
15 2 4 0.04 0.02
15 2 4 0.04 0.03
15 2 4 0.04 0.04
15 2 4 0.04 0.05 
15 2 4 0.05 0.01
15 2 4 0.05 0.02
15 2 4 0.05 0.03
15 2 4 0.05 0.04
15 2 4 0.05 0.05 
15 4 1 0.01 0.01
15 4 1 0.01 0.02
15 4 1 0.01 0.03
15 4 1 0.01 0.04
15 4 1 0.01 0.05 
15 4 1 0.02 0.01
15 4 1 0.02 0.02
15 4 1 0.02 0.03
15 4 1 0.02 0.04
15 4 1 0.02 0.05 
15 4 1 0.03 0.01
15 4 1 0.03 0.02
15 4 1 0.03 0.03
15 4 1 0.03 0.04
15 4 1 0.03 0.05 
15 4 1 0.04 0.01
15 4 1 0.04 0.02
15 4 1 0.04 0.03
15 4 1 0.04 0.04
15 4 1 0.04 0.05 
15 4 1 0.05 0.01
15 4 1 0.05 0.02
15 4 1 0.05 0.03
15 4 1 0.05 0.04
15 4 1 0.05 0.05 
15 4 2 0.01 0.01
15 4 2 0.01 0.02
15 4 2 0.01 0.03
15 4 2 0.01 0.04
15 4 2 0.01 0.05 
15 4 2 0.02 0.01
15 4 2 0.02 0.02
15 4 2 0.02 0.03
15 4 2 0.02 0.04
15 4 2 0.02 0.05 
15 4 2 0.03 0.01
15 4 2 0.03 0.02
15 4 2 0.03 0.03
15 4 2 0.03 0.04
15 4 2 0.03 0.05 
15 4 2 0.04 0.01
15 4 2 0.04 0.02
15 4 2 0.04 0.03
15 4 2 0.04 0.04
15 4 2 0.04 0.05 
15 4 2 0.05 0.01
15 4 2 0.05 0.02
15 4 2 0.05 0.03
15 4 2 0.05 0.04
15 4 2 0.05 0.05 
15 4 4 0.01 0.01
15 4 4 0.01 0.02
15 4 4 0.01 0.03
15 4 4 0.01 0.04
15 4 4 0.01 0.05 
15 4 4 0.02 0.01
15 4 4 0.02 0.02
15 4 4 0.02 0.03
15 4 4 0.02 0.04
15 4 4 0.02 0.05 
15 4 4 0.03 0.01
15 4 4 0.03 0.02
15 4 4 0.03 0.03
15 4 4 0.03 0.04
15 4 4 0.03 0.05 
15 4 4 0.04 0.01
15 4 4 0.04 0.02
15 4 4 0.04 0.03
15 4 4 0.04 0.04
15 4 4 0.04 0.05 
15 4 4 0.05 0.01
15 4 4 0.05 0.02
15 4 4 0.05 0.03
15 4 4 0.05 0.04
15 4 4 0.05 0.05 
20 1 1 0.01 0.01
20 1 1 0.01 0.02
20 1 1 0.01 0.03
20 1 1 0.01 0.04
20 1 1 0.01 0.05
20 1 1 0.02 0.01
20 1 1 0.02 0.02
20 1 1 0.02 0.03
20 1 1 0.02 0.04
20 1 1 0.02 0.05
20 1 1 0.03 0.01
20 1 1 0.03 0.02
20 1 1 0.03 0.03
20 1 1 0.03 0.04
20 1 1 0.03 0.05
20 1 1 0.04 0.01
20 1 1 0.04 0.02
20 1 1 0.04 0.03
20 1 1 0.04 0.04
20 1 1 0.04 0.05 
20 1 1 0.05 0.01
20 1 1 0.05 0.02
20 1 1 0.05 0.03
20 1 1 0.05 0.04
20 1 1 0.05 0.05 
20 1 2 0.01 0.01
20 1 2 0.01 0.02
20 1 2 0.01 0.03
20 1 2 0.01 0.04
20 1 2 0.01 0.05 
20 1 2 0.02 0.01
20 1 2 0.02 0.02
20 1 2 0.02 0.03
20 1 2 0.02 0.04
20 1 2 0.02 0.05 
20 1 2 0.03 0.01
20 1 2 0.03 0.02
20 1 2 0.03 0.03
20 1 2 0.03 0.04
20 1 2 0.03 0.05 
20 1 2 0.04 0.01
20 1 2 0.04 0.02
20 1 2 0.04 0.03
20 1 2 0.04 0.04
20 1 2 0.04 0.05 
20 1 2 0.05 0.01
20 1 2 0.05 0.02
20 1 2 0.05 0.03
20 1 2 0.05 0.04
20 1 2 0.05 0.05 
20 1 4 0.01 0.01
20 1 4 0.01 0.02
20 1 4 0.01 0.03
20 1 4 0.01 0.04
20 1 4 0.01 0.05 
20 1 4 0.02 0.01
20 1 4 0.02 0.02
20 1 4 0.02 0.03
20 1 4 0.02 0.04
20 1 4 0.02 0.05 
20 1 4 0.03 0.01
20 1 4 0.03 0.02
20 1 4 0.03 0.03
20 1 4 0.03 0.04
20 1 4 0.03 0.05 
20 1 4 0.04 0.01
20 1 4 0.04 0.02
20 1 4 0.04 0.03
20 1 4 0.04 0.04
20 1 4 0.04 0.05 
20 1 4 0.05 0.01
20 1 4 0.05 0.02
20 1 4 0.05 0.03
20 1 4 0.05 0.04
20 1 4 0.05 0.05 
20 2 1 0.01 0.01
20 2 1 0.01 0.02
20 2 1 0.01 0.03
20 2 1 0.01 0.04
20 2 1 0.01 0.05 
20 2 1 0.02 0.01
20 2 1 0.02 0.02
20 2 1 0.02 0.03
20 2 1 0.02 0.04
20 2 1 0.02 0.05 
20 2 1 0.03 0.01
20 2 1 0.03 0.02
20 2 1 0.03 0.03
20 2 1 0.03 0.04
20 2 1 0.03 0.05 
20 2 1 0.04 0.01
20 2 1 0.04 0.02
20 2 1 0.04 0.03
20 2 1 0.04 0.04
20 2 1 0.04 0.05 
20 2 1 0.05 0.01
20 2 1 0.05 0.02
20 2 1 0.05 0.03
20 2 1 0.05 0.04
20 2 1 0.05 0.05 
20 2 2 0.01 0.01
20 2 2 0.01 0.02
20 2 2 0.01 0.03
20 2 2 0.01 0.04
20 2 2 0.01 0.05 
20 2 2 0.02 0.01
20 2 2 0.02 0.02
20 2 2 0.02 0.03
20 2 2 0.02 0.04
20 2 2 0.02 0.05 
20 2 2 0.03 0.01
20 2 2 0.03 0.02
20 2 2 0.03 0.03
20 2 2 0.03 0.04
20 2 2 0.03 0.05 
20 2 2 0.04 0.01
20 2 2 0.04 0.02
20 2 2 0.04 0.03
20 2 2 0.04 0.04
20 2 2 0.04 0.05 
20 2 2 0.05 0.01
20 2 2 0.05 0.02
20 2 2 0.05 0.03
20 2 2 0.05 0.04
20 2 2 0.05 0.05 
20 2 4 0.01 0.01
20 2 4 0.01 0.02
20 2 4 0.01 0.03
20 2 4 0.01 0.04
20 2 4 0.01 0.05 
20 2 4 0.02 0.01
20 2 4 0.02 0.02
20 2 4 0.02 0.03
20 2 4 0.02 0.04
20 2 4 0.02 0.05 
20 2 4 0.03 0.01
20 2 4 0.03 0.02
20 2 4 0.03 0.03
20 2 4 0.03 0.04
20 2 4 0.03 0.05 
20 2 4 0.04 0.01
20 2 4 0.04 0.02
20 2 4 0.04 0.03
20 2 4 0.04 0.04
20 2 4 0.04 0.05 
20 2 4 0.05 0.01
20 2 4 0.05 0.02
20 2 4 0.05 0.03
20 2 4 0.05 0.04
20 2 4 0.05 0.05 
20 4 1 0.01 0.01
20 4 1 0.01 0.02
20 4 1 0.01 0.03
20 4 1 0.01 0.04
20 4 1 0.01 0.05 
20 4 1 0.02 0.01
20 4 1 0.02 0.02
20 4 1 0.02 0.03
20 4 1 0.02 0.04
20 4 1 0.02 0.05 
20 4 1 0.03 0.01
20 4 1 0.03 0.02
20 4 1 0.03 0.03
20 4 1 0.03 0.04
20 4 1 0.03 0.05 
20 4 1 0.04 0.01
20 4 1 0.04 0.02
20 4 1 0.04 0.03
20 4 1 0.04 0.04
20 4 1 0.04 0.05 
20 4 1 0.05 0.01
20 4 1 0.05 0.02
20 4 1 0.05 0.03
20 4 1 0.05 0.04
20 4 1 0.05 0.05 
20 4 2 0.01 0.01
20 4 2 0.01 0.02
20 4 2 0.01 0.03
20 4 2 0.01 0.04
20 4 2 0.01 0.05 
20 4 2 0.02 0.01
20 4 2 0.02 0.02
20 4 2 0.02 0.03
20 4 2 0.02 0.04
20 4 2 0.02 0.05 
20 4 2 0.03 0.01
20 4 2 0.03 0.02
20 4 2 0.03 0.03
20 4 2 0.03 0.04
20 4 2 0.03 0.05 
20 4 2 0.04 0.01
20 4 2 0.04 0.02
20 4 2 0.04 0.03
20 4 2 0.04 0.04
20 4 2 0.04 0.05 
20 4 2 0.05 0.01
20 4 2 0.05 0.02
20 4 2 0.05 0.03
20 4 2 0.05 0.04
20 4 2 0.05 0.05 
20 4 4 0.01 0.01
20 4 4 0.01 0.02
20 4 4 0.01 0.03
20 4 4 0.01 0.04
20 4 4 0.01 0.05 
20 4 4 0.02 0.01
20 4 4 0.02 0.02
20 4 4 0.02 0.03
20 4 4 0.02 0.04
20 4 4 0.02 0.05 
20 4 4 0.03 0.01
20 4 4 0.03 0.02
20 4 4 0.03 0.03
20 4 4 0.03 0.04
20 4 4 0.03 0.05 
20 4 4 0.04 0.01
20 4 4 0.04 0.02
20 4 4 0.04 0.03
20 4 4 0.04 0.04
20 4 4 0.04 0.05 
20 4 4 0.05 0.01
20 4 4 0.05 0.02
20 4 4 0.05 0.03
20 4 4 0.05 0.04
20 4 4 0.05 0.05
25 1 1 0.01 0.01
25 1 1 0.01 0.02
25 1 1 0.01 0.03
25 1 1 0.01 0.04
25 1 1 0.01 0.05
25 1 1 0.02 0.01
25 1 1 0.02 0.02
25 1 1 0.02 0.03
25 1 1 0.02 0.04
25 1 1 0.02 0.05
25 1 1 0.03 0.01
25 1 1 0.03 0.02
25 1 1 0.03 0.03
25 1 1 0.03 0.04
25 1 1 0.03 0.05
25 1 1 0.04 0.01
25 1 1 0.04 0.02
25 1 1 0.04 0.03
25 1 1 0.04 0.04
25 1 1 0.04 0.05 
25 1 1 0.05 0.01
25 1 1 0.05 0.02
25 1 1 0.05 0.03
25 1 1 0.05 0.04
25 1 1 0.05 0.05 
25 1 2 0.01 0.01
25 1 2 0.01 0.02
25 1 2 0.01 0.03
25 1 2 0.01 0.04
25 1 2 0.01 0.05 
25 1 2 0.02 0.01
25 1 2 0.02 0.02
25 1 2 0.02 0.03
25 1 2 0.02 0.04
25 1 2 0.02 0.05 
25 1 2 0.03 0.01
25 1 2 0.03 0.02
25 1 2 0.03 0.03
25 1 2 0.03 0.04
25 1 2 0.03 0.05 
25 1 2 0.04 0.01
25 1 2 0.04 0.02
25 1 2 0.04 0.03
25 1 2 0.04 0.04
25 1 2 0.04 0.05 
25 1 2 0.05 0.01
25 1 2 0.05 0.02
25 1 2 0.05 0.03
25 1 2 0.05 0.04
25 1 2 0.05 0.05 
25 1 4 0.01 0.01
25 1 4 0.01 0.02
25 1 4 0.01 0.03
25 1 4 0.01 0.04
25 1 4 0.01 0.05 
25 1 4 0.02 0.01
25 1 4 0.02 0.02
25 1 4 0.02 0.03
25 1 4 0.02 0.04
25 1 4 0.02 0.05 
25 1 4 0.03 0.01
25 1 4 0.03 0.02
25 1 4 0.03 0.03
25 1 4 0.03 0.04
25 1 4 0.03 0.05 
25 1 4 0.04 0.01
25 1 4 0.04 0.02
25 1 4 0.04 0.03
25 1 4 0.04 0.04
25 1 4 0.04 0.05 
25 1 4 0.05 0.01
25 1 4 0.05 0.02
25 1 4 0.05 0.03
25 1 4 0.05 0.04
25 1 4 0.05 0.05 
25 2 1 0.01 0.01
25 2 1 0.01 0.02
25 2 1 0.01 0.03
25 2 1 0.01 0.04
25 2 1 0.01 0.05 
25 2 1 0.02 0.01
25 2 1 0.02 0.02
25 2 1 0.02 0.03
25 2 1 0.02 0.04
25 2 1 0.02 0.05 
25 2 1 0.03 0.01
25 2 1 0.03 0.02
25 2 1 0.03 0.03
25 2 1 0.03 0.04
25 2 1 0.03 0.05 
25 2 1 0.04 0.01
25 2 1 0.04 0.02
25 2 1 0.04 0.03
25 2 1 0.04 0.04
25 2 1 0.04 0.05 
25 2 1 0.05 0.01
25 2 1 0.05 0.02
25 2 1 0.05 0.03
25 2 1 0.05 0.04
25 2 1 0.05 0.05 
25 2 2 0.01 0.01
25 2 2 0.01 0.02
25 2 2 0.01 0.03
25 2 2 0.01 0.04
25 2 2 0.01 0.05 
25 2 2 0.02 0.01
25 2 2 0.02 0.02
25 2 2 0.02 0.03
25 2 2 0.02 0.04
25 2 2 0.02 0.05 
25 2 2 0.03 0.01
25 2 2 0.03 0.02
25 2 2 0.03 0.03
25 2 2 0.03 0.04
25 2 2 0.03 0.05 
25 2 2 0.04 0.01
25 2 2 0.04 0.02
25 2 2 0.04 0.03
25 2 2 0.04 0.04
25 2 2 0.04 0.05 
25 2 2 0.05 0.01
25 2 2 0.05 0.02
25 2 2 0.05 0.03
25 2 2 0.05 0.04
25 2 2 0.05 0.05 
25 2 4 0.01 0.01
25 2 4 0.01 0.02
25 2 4 0.01 0.03
25 2 4 0.01 0.04
25 2 4 0.01 0.05 
25 2 4 0.02 0.01
25 2 4 0.02 0.02
25 2 4 0.02 0.03
25 2 4 0.02 0.04
25 2 4 0.02 0.05 
25 2 4 0.03 0.01
25 2 4 0.03 0.02
25 2 4 0.03 0.03
25 2 4 0.03 0.04
25 2 4 0.03 0.05 
25 2 4 0.04 0.01
25 2 4 0.04 0.02
25 2 4 0.04 0.03
25 2 4 0.04 0.04
25 2 4 0.04 0.05 
25 2 4 0.05 0.01
25 2 4 0.05 0.02
25 2 4 0.05 0.03
25 2 4 0.05 0.04
25 2 4 0.05 0.05 
25 4 1 0.01 0.01
25 4 1 0.01 0.02
25 4 1 0.01 0.03
25 4 1 0.01 0.04
25 4 1 0.01 0.05 
25 4 1 0.02 0.01
25 4 1 0.02 0.02
25 4 1 0.02 0.03
25 4 1 0.02 0.04
25 4 1 0.02 0.05 
25 4 1 0.03 0.01
25 4 1 0.03 0.02
25 4 1 0.03 0.03
25 4 1 0.03 0.04
25 4 1 0.03 0.05 
25 4 1 0.04 0.01
25 4 1 0.04 0.02
25 4 1 0.04 0.03
25 4 1 0.04 0.04
25 4 1 0.04 0.05 
25 4 1 0.05 0.01
25 4 1 0.05 0.02
25 4 1 0.05 0.03
25 4 1 0.05 0.04
25 4 1 0.05 0.05 
25 4 2 0.01 0.01
25 4 2 0.01 0.02
25 4 2 0.01 0.03
25 4 2 0.01 0.04
25 4 2 0.01 0.05 
25 4 2 0.02 0.01
25 4 2 0.02 0.02
25 4 2 0.02 0.03
25 4 2 0.02 0.04
25 4 2 0.02 0.05 
25 4 2 0.03 0.01
25 4 2 0.03 0.02
25 4 2 0.03 0.03
25 4 2 0.03 0.04
25 4 2 0.03 0.05 
25 4 2 0.04 0.01
25 4 2 0.04 0.02
25 4 2 0.04 0.03
25 4 2 0.04 0.04
25 4 2 0.04 0.05 
25 4 2 0.05 0.01
25 4 2 0.05 0.02
25 4 2 0.05 0.03
25 4 2 0.05 0.04
25 4 2 0.05 0.05 
25 4 4 0.01 0.01
25 4 4 0.01 0.02
25 4 4 0.01 0.03
25 4 4 0.01 0.04
25 4 4 0.01 0.05 
25 4 4 0.02 0.01
25 4 4 0.02 0.02
25 4 4 0.02 0.03
25 4 4 0.02 0.04
25 4 4 0.02 0.05 
25 4 4 0.03 0.01
25 4 4 0.03 0.02
25 4 4 0.03 0.03
25 4 4 0.03 0.04
25 4 4 0.03 0.05 
25 4 4 0.04 0.01
25 4 4 0.04 0.02
25 4 4 0.04 0.03
25 4 4 0.04 0.04
25 4 4 0.04 0.05 
25 4 4 0.05 0.01
25 4 4 0.05 0.02
25 4 4 0.05 0.03
25 4 4 0.05 0.04
25 4 4 0.05 0.05
30 1 1 0.01 0.01
30 1 1 0.01 0.02
30 1 1 0.01 0.03
30 1 1 0.01 0.04
30 1 1 0.01 0.05
30 1 1 0.02 0.01
30 1 1 0.02 0.02
30 1 1 0.02 0.03
30 1 1 0.02 0.04
30 1 1 0.02 0.05
30 1 1 0.03 0.01
30 1 1 0.03 0.02
30 1 1 0.03 0.03
30 1 1 0.03 0.04
30 1 1 0.03 0.05
30 1 1 0.04 0.01
30 1 1 0.04 0.02
30 1 1 0.04 0.03
30 1 1 0.04 0.04
30 1 1 0.04 0.05 
30 1 1 0.05 0.01
30 1 1 0.05 0.02
30 1 1 0.05 0.03
30 1 1 0.05 0.04
30 1 1 0.05 0.05 
30 1 2 0.01 0.01
30 1 2 0.01 0.02
30 1 2 0.01 0.03
30 1 2 0.01 0.04
30 1 2 0.01 0.05 
30 1 2 0.02 0.01
30 1 2 0.02 0.02
30 1 2 0.02 0.03
30 1 2 0.02 0.04
30 1 2 0.02 0.05 
30 1 2 0.03 0.01
30 1 2 0.03 0.02
30 1 2 0.03 0.03
30 1 2 0.03 0.04
30 1 2 0.03 0.05 
30 1 2 0.04 0.01
30 1 2 0.04 0.02
30 1 2 0.04 0.03
30 1 2 0.04 0.04
30 1 2 0.04 0.05 
30 1 2 0.05 0.01
30 1 2 0.05 0.02
30 1 2 0.05 0.03
30 1 2 0.05 0.04
30 1 2 0.05 0.05 
30 1 4 0.01 0.01
30 1 4 0.01 0.02
30 1 4 0.01 0.03
30 1 4 0.01 0.04
30 1 4 0.01 0.05 
30 1 4 0.02 0.01
30 1 4 0.02 0.02
30 1 4 0.02 0.03
30 1 4 0.02 0.04
30 1 4 0.02 0.05 
30 1 4 0.03 0.01
30 1 4 0.03 0.02
30 1 4 0.03 0.03
30 1 4 0.03 0.04
30 1 4 0.03 0.05 
30 1 4 0.04 0.01
30 1 4 0.04 0.02
30 1 4 0.04 0.03
30 1 4 0.04 0.04
30 1 4 0.04 0.05 
30 1 4 0.05 0.01
30 1 4 0.05 0.02
30 1 4 0.05 0.03
30 1 4 0.05 0.04
30 1 4 0.05 0.05 
30 2 1 0.01 0.01
30 2 1 0.01 0.02
30 2 1 0.01 0.03
30 2 1 0.01 0.04
30 2 1 0.01 0.05 
30 2 1 0.02 0.01
30 2 1 0.02 0.02
30 2 1 0.02 0.03
30 2 1 0.02 0.04
30 2 1 0.02 0.05 
30 2 1 0.03 0.01
30 2 1 0.03 0.02
30 2 1 0.03 0.03
30 2 1 0.03 0.04
30 2 1 0.03 0.05 
30 2 1 0.04 0.01
30 2 1 0.04 0.02
30 2 1 0.04 0.03
30 2 1 0.04 0.04
30 2 1 0.04 0.05 
30 2 1 0.05 0.01
30 2 1 0.05 0.02
30 2 1 0.05 0.03
30 2 1 0.05 0.04
30 2 1 0.05 0.05 
30 2 2 0.01 0.01
30 2 2 0.01 0.02
30 2 2 0.01 0.03
30 2 2 0.01 0.04
30 2 2 0.01 0.05 
30 2 2 0.02 0.01
30 2 2 0.02 0.02
30 2 2 0.02 0.03
30 2 2 0.02 0.04
30 2 2 0.02 0.05 
30 2 2 0.03 0.01
30 2 2 0.03 0.02
30 2 2 0.03 0.03
30 2 2 0.03 0.04
30 2 2 0.03 0.05 
30 2 2 0.04 0.01
30 2 2 0.04 0.02
30 2 2 0.04 0.03
30 2 2 0.04 0.04
30 2 2 0.04 0.05 
30 2 2 0.05 0.01
30 2 2 0.05 0.02
30 2 2 0.05 0.03
30 2 2 0.05 0.04
30 2 2 0.05 0.05 
30 2 4 0.01 0.01
30 2 4 0.01 0.02
30 2 4 0.01 0.03
30 2 4 0.01 0.04
30 2 4 0.01 0.05 
30 2 4 0.02 0.01
30 2 4 0.02 0.02
30 2 4 0.02 0.03
30 2 4 0.02 0.04
30 2 4 0.02 0.05 
30 2 4 0.03 0.01
30 2 4 0.03 0.02
30 2 4 0.03 0.03
30 2 4 0.03 0.04
30 2 4 0.03 0.05 
30 2 4 0.04 0.01
30 2 4 0.04 0.02
30 2 4 0.04 0.03
30 2 4 0.04 0.04
30 2 4 0.04 0.05 
30 2 4 0.05 0.01
30 2 4 0.05 0.02
30 2 4 0.05 0.03
30 2 4 0.05 0.04
30 2 4 0.05 0.05 
30 4 1 0.01 0.01
30 4 1 0.01 0.02
30 4 1 0.01 0.03
30 4 1 0.01 0.04
30 4 1 0.01 0.05 
30 4 1 0.02 0.01
30 4 1 0.02 0.02
30 4 1 0.02 0.03
30 4 1 0.02 0.04
30 4 1 0.02 0.05 
30 4 1 0.03 0.01
30 4 1 0.03 0.02
30 4 1 0.03 0.03
30 4 1 0.03 0.04
30 4 1 0.03 0.05 
30 4 1 0.04 0.01
30 4 1 0.04 0.02
30 4 1 0.04 0.03
30 4 1 0.04 0.04
30 4 1 0.04 0.05 
30 4 1 0.05 0.01
30 4 1 0.05 0.02
30 4 1 0.05 0.03
30 4 1 0.05 0.04
30 4 1 0.05 0.05 
30 4 2 0.01 0.01
30 4 2 0.01 0.02
30 4 2 0.01 0.03
30 4 2 0.01 0.04
30 4 2 0.01 0.05 
30 4 2 0.02 0.01
30 4 2 0.02 0.02
30 4 2 0.02 0.03
30 4 2 0.02 0.04
30 4 2 0.02 0.05 
30 4 2 0.03 0.01
30 4 2 0.03 0.02
30 4 2 0.03 0.03
30 4 2 0.03 0.04
30 4 2 0.03 0.05 
30 4 2 0.04 0.01
30 4 2 0.04 0.02
30 4 2 0.04 0.03
30 4 2 0.04 0.04
30 4 2 0.04 0.05 
30 4 2 0.05 0.01
30 4 2 0.05 0.02
30 4 2 0.05 0.03
30 4 2 0.05 0.04
30 4 2 0.05 0.05 
30 4 4 0.01 0.01
30 4 4 0.01 0.02
30 4 4 0.01 0.03
30 4 4 0.01 0.04
30 4 4 0.01 0.05 
30 4 4 0.02 0.01
30 4 4 0.02 0.02
30 4 4 0.02 0.03
30 4 4 0.02 0.04
30 4 4 0.02 0.05 
30 4 4 0.03 0.01
30 4 4 0.03 0.02
30 4 4 0.03 0.03
30 4 4 0.03 0.04
30 4 4 0.03 0.05 
30 4 4 0.04 0.01
30 4 4 0.04 0.02
30 4 4 0.04 0.03
30 4 4 0.04 0.04
30 4 4 0.04 0.05 
30 4 4 0.05 0.01
30 4 4 0.05 0.02
30 4 4 0.05 0.03
30 4 4 0.05 0.04
30 4 4 0.05 0.05
35 1 1 0.01 0.01
35 1 1 0.01 0.02
35 1 1 0.01 0.03
35 1 1 0.01 0.04
35 1 1 0.01 0.05
35 1 1 0.02 0.01
35 1 1 0.02 0.02
35 1 1 0.02 0.03
35 1 1 0.02 0.04
35 1 1 0.02 0.05
35 1 1 0.03 0.01
35 1 1 0.03 0.02
35 1 1 0.03 0.03
35 1 1 0.03 0.04
35 1 1 0.03 0.05
35 1 1 0.04 0.01
35 1 1 0.04 0.02
35 1 1 0.04 0.03
35 1 1 0.04 0.04
35 1 1 0.04 0.05 
35 1 1 0.05 0.01
35 1 1 0.05 0.02
35 1 1 0.05 0.03
35 1 1 0.05 0.04
35 1 1 0.05 0.05 
35 1 2 0.01 0.01
35 1 2 0.01 0.02
35 1 2 0.01 0.03
35 1 2 0.01 0.04
35 1 2 0.01 0.05 
35 1 2 0.02 0.01
35 1 2 0.02 0.02
35 1 2 0.02 0.03
35 1 2 0.02 0.04
35 1 2 0.02 0.05 
35 1 2 0.03 0.01
35 1 2 0.03 0.02
35 1 2 0.03 0.03
35 1 2 0.03 0.04
35 1 2 0.03 0.05 
35 1 2 0.04 0.01
35 1 2 0.04 0.02
35 1 2 0.04 0.03
35 1 2 0.04 0.04
35 1 2 0.04 0.05 
35 1 2 0.05 0.01
35 1 2 0.05 0.02
35 1 2 0.05 0.03
35 1 2 0.05 0.04
35 1 2 0.05 0.05 
35 1 4 0.01 0.01
35 1 4 0.01 0.02
35 1 4 0.01 0.03
35 1 4 0.01 0.04
35 1 4 0.01 0.05 
35 1 4 0.02 0.01
35 1 4 0.02 0.02
35 1 4 0.02 0.03
35 1 4 0.02 0.04
35 1 4 0.02 0.05 
35 1 4 0.03 0.01
35 1 4 0.03 0.02
35 1 4 0.03 0.03
35 1 4 0.03 0.04
35 1 4 0.03 0.05 
35 1 4 0.04 0.01
35 1 4 0.04 0.02
35 1 4 0.04 0.03
35 1 4 0.04 0.04
35 1 4 0.04 0.05 
35 1 4 0.05 0.01
35 1 4 0.05 0.02
35 1 4 0.05 0.03
35 1 4 0.05 0.04
35 1 4 0.05 0.05 
35 2 1 0.01 0.01
35 2 1 0.01 0.02
35 2 1 0.01 0.03
35 2 1 0.01 0.04
35 2 1 0.01 0.05 
35 2 1 0.02 0.01
35 2 1 0.02 0.02
35 2 1 0.02 0.03
35 2 1 0.02 0.04
35 2 1 0.02 0.05 
35 2 1 0.03 0.01
35 2 1 0.03 0.02
35 2 1 0.03 0.03
35 2 1 0.03 0.04
35 2 1 0.03 0.05 
35 2 1 0.04 0.01
35 2 1 0.04 0.02
35 2 1 0.04 0.03
35 2 1 0.04 0.04
35 2 1 0.04 0.05 
35 2 1 0.05 0.01
35 2 1 0.05 0.02
35 2 1 0.05 0.03
35 2 1 0.05 0.04
35 2 1 0.05 0.05 
35 2 2 0.01 0.01
35 2 2 0.01 0.02
35 2 2 0.01 0.03
35 2 2 0.01 0.04
35 2 2 0.01 0.05 
35 2 2 0.02 0.01
35 2 2 0.02 0.02
35 2 2 0.02 0.03
35 2 2 0.02 0.04
35 2 2 0.02 0.05 
35 2 2 0.03 0.01
35 2 2 0.03 0.02
35 2 2 0.03 0.03
35 2 2 0.03 0.04
35 2 2 0.03 0.05 
35 2 2 0.04 0.01
35 2 2 0.04 0.02
35 2 2 0.04 0.03
35 2 2 0.04 0.04
35 2 2 0.04 0.05 
35 2 2 0.05 0.01
35 2 2 0.05 0.02
35 2 2 0.05 0.03
35 2 2 0.05 0.04
35 2 2 0.05 0.05 
35 2 4 0.01 0.01
35 2 4 0.01 0.02
35 2 4 0.01 0.03
35 2 4 0.01 0.04
35 2 4 0.01 0.05 
35 2 4 0.02 0.01
35 2 4 0.02 0.02
35 2 4 0.02 0.03
35 2 4 0.02 0.04
35 2 4 0.02 0.05 
35 2 4 0.03 0.01
35 2 4 0.03 0.02
35 2 4 0.03 0.03
35 2 4 0.03 0.04
35 2 4 0.03 0.05 
35 2 4 0.04 0.01
35 2 4 0.04 0.02
35 2 4 0.04 0.03
35 2 4 0.04 0.04
35 2 4 0.04 0.05 
35 2 4 0.05 0.01
35 2 4 0.05 0.02
35 2 4 0.05 0.03
35 2 4 0.05 0.04
35 2 4 0.05 0.05 
35 4 1 0.01 0.01
35 4 1 0.01 0.02
35 4 1 0.01 0.03
35 4 1 0.01 0.04
35 4 1 0.01 0.05 
35 4 1 0.02 0.01
35 4 1 0.02 0.02
35 4 1 0.02 0.03
35 4 1 0.02 0.04
35 4 1 0.02 0.05 
35 4 1 0.03 0.01
35 4 1 0.03 0.02
35 4 1 0.03 0.03
35 4 1 0.03 0.04
35 4 1 0.03 0.05 
35 4 1 0.04 0.01
35 4 1 0.04 0.02
35 4 1 0.04 0.03
35 4 1 0.04 0.04
35 4 1 0.04 0.05 
35 4 1 0.05 0.01
35 4 1 0.05 0.02
35 4 1 0.05 0.03
35 4 1 0.05 0.04
35 4 1 0.05 0.05 
35 4 2 0.01 0.01
35 4 2 0.01 0.02
35 4 2 0.01 0.03
35 4 2 0.01 0.04
35 4 2 0.01 0.05 
35 4 2 0.02 0.01
35 4 2 0.02 0.02
35 4 2 0.02 0.03
35 4 2 0.02 0.04
35 4 2 0.02 0.05 
35 4 2 0.03 0.01
35 4 2 0.03 0.02
35 4 2 0.03 0.03
35 4 2 0.03 0.04
35 4 2 0.03 0.05 
35 4 2 0.04 0.01
35 4 2 0.04 0.02
35 4 2 0.04 0.03
35 4 2 0.04 0.04
35 4 2 0.04 0.05 
35 4 2 0.05 0.01
35 4 2 0.05 0.02
35 4 2 0.05 0.03
35 4 2 0.05 0.04
35 4 2 0.05 0.05 
35 4 4 0.01 0.01
35 4 4 0.01 0.02
35 4 4 0.01 0.03
35 4 4 0.01 0.04
35 4 4 0.01 0.05 
35 4 4 0.02 0.01
35 4 4 0.02 0.02
35 4 4 0.02 0.03
35 4 4 0.02 0.04
35 4 4 0.02 0.05 
35 4 4 0.03 0.01
35 4 4 0.03 0.02
35 4 4 0.03 0.03
35 4 4 0.03 0.04
35 4 4 0.03 0.05 
35 4 4 0.04 0.01
35 4 4 0.04 0.02
35 4 4 0.04 0.03
35 4 4 0.04 0.04
35 4 4 0.04 0.05 
35 4 4 0.05 0.01
35 4 4 0.05 0.02
35 4 4 0.05 0.03
35 4 4 0.05 0.04
35 4 4 0.05 0.05
40 1 1 0.01 0.01
40 1 1 0.01 0.02
40 1 1 0.01 0.03
40 1 1 0.01 0.04
40 1 1 0.01 0.05
40 1 1 0.02 0.01
40 1 1 0.02 0.02
40 1 1 0.02 0.03
40 1 1 0.02 0.04
40 1 1 0.02 0.05
40 1 1 0.03 0.01
40 1 1 0.03 0.02
40 1 1 0.03 0.03
40 1 1 0.03 0.04
40 1 1 0.03 0.05
40 1 1 0.04 0.01
40 1 1 0.04 0.02
40 1 1 0.04 0.03
40 1 1 0.04 0.04
40 1 1 0.04 0.05 
40 1 1 0.05 0.01
40 1 1 0.05 0.02
40 1 1 0.05 0.03
40 1 1 0.05 0.04
40 1 1 0.05 0.05 
40 1 2 0.01 0.01
40 1 2 0.01 0.02
40 1 2 0.01 0.03
40 1 2 0.01 0.04
40 1 2 0.01 0.05 
40 1 2 0.02 0.01
40 1 2 0.02 0.02
40 1 2 0.02 0.03
40 1 2 0.02 0.04
40 1 2 0.02 0.05 
40 1 2 0.03 0.01
40 1 2 0.03 0.02
40 1 2 0.03 0.03
40 1 2 0.03 0.04
40 1 2 0.03 0.05 
40 1 2 0.04 0.01
40 1 2 0.04 0.02
40 1 2 0.04 0.03
40 1 2 0.04 0.04
40 1 2 0.04 0.05 
40 1 2 0.05 0.01
40 1 2 0.05 0.02
40 1 2 0.05 0.03
40 1 2 0.05 0.04
40 1 2 0.05 0.05 
40 1 4 0.01 0.01
40 1 4 0.01 0.02
40 1 4 0.01 0.03
40 1 4 0.01 0.04
40 1 4 0.01 0.05 
40 1 4 0.02 0.01
40 1 4 0.02 0.02
40 1 4 0.02 0.03
40 1 4 0.02 0.04
40 1 4 0.02 0.05 
40 1 4 0.03 0.01
40 1 4 0.03 0.02
40 1 4 0.03 0.03
40 1 4 0.03 0.04
40 1 4 0.03 0.05 
40 1 4 0.04 0.01
40 1 4 0.04 0.02
40 1 4 0.04 0.03
40 1 4 0.04 0.04
40 1 4 0.04 0.05 
40 1 4 0.05 0.01
40 1 4 0.05 0.02
40 1 4 0.05 0.03
40 1 4 0.05 0.04
40 1 4 0.05 0.05 
40 2 1 0.01 0.01
40 2 1 0.01 0.02
40 2 1 0.01 0.03
40 2 1 0.01 0.04
40 2 1 0.01 0.05 
40 2 1 0.02 0.01
40 2 1 0.02 0.02
40 2 1 0.02 0.03
40 2 1 0.02 0.04
40 2 1 0.02 0.05 
40 2 1 0.03 0.01
40 2 1 0.03 0.02
40 2 1 0.03 0.03
40 2 1 0.03 0.04
40 2 1 0.03 0.05 
40 2 1 0.04 0.01
40 2 1 0.04 0.02
40 2 1 0.04 0.03
40 2 1 0.04 0.04
40 2 1 0.04 0.05 
40 2 1 0.05 0.01
40 2 1 0.05 0.02
40 2 1 0.05 0.03
40 2 1 0.05 0.04
40 2 1 0.05 0.05 
40 2 2 0.01 0.01
40 2 2 0.01 0.02
40 2 2 0.01 0.03
40 2 2 0.01 0.04
40 2 2 0.01 0.05 
40 2 2 0.02 0.01
40 2 2 0.02 0.02
40 2 2 0.02 0.03
40 2 2 0.02 0.04
40 2 2 0.02 0.05 
40 2 2 0.03 0.01
40 2 2 0.03 0.02
40 2 2 0.03 0.03
40 2 2 0.03 0.04
40 2 2 0.03 0.05 
40 2 2 0.04 0.01
40 2 2 0.04 0.02
40 2 2 0.04 0.03
40 2 2 0.04 0.04
40 2 2 0.04 0.05 
40 2 2 0.05 0.01
40 2 2 0.05 0.02
40 2 2 0.05 0.03
40 2 2 0.05 0.04
40 2 2 0.05 0.05 
40 2 4 0.01 0.01
40 2 4 0.01 0.02
40 2 4 0.01 0.03
40 2 4 0.01 0.04
40 2 4 0.01 0.05 
40 2 4 0.02 0.01
40 2 4 0.02 0.02
40 2 4 0.02 0.03
40 2 4 0.02 0.04
40 2 4 0.02 0.05 
40 2 4 0.03 0.01
40 2 4 0.03 0.02
40 2 4 0.03 0.03
40 2 4 0.03 0.04
40 2 4 0.03 0.05 
40 2 4 0.04 0.01
40 2 4 0.04 0.02
40 2 4 0.04 0.03
40 2 4 0.04 0.04
40 2 4 0.04 0.05 
40 2 4 0.05 0.01
40 2 4 0.05 0.02
40 2 4 0.05 0.03
40 2 4 0.05 0.04
40 2 4 0.05 0.05 
40 4 1 0.01 0.01
40 4 1 0.01 0.02
40 4 1 0.01 0.03
40 4 1 0.01 0.04
40 4 1 0.01 0.05 
40 4 1 0.02 0.01
40 4 1 0.02 0.02
40 4 1 0.02 0.03
40 4 1 0.02 0.04
40 4 1 0.02 0.05 
40 4 1 0.03 0.01
40 4 1 0.03 0.02
40 4 1 0.03 0.03
40 4 1 0.03 0.04
40 4 1 0.03 0.05 
40 4 1 0.04 0.01
40 4 1 0.04 0.02
40 4 1 0.04 0.03
40 4 1 0.04 0.04
40 4 1 0.04 0.05 
40 4 1 0.05 0.01
40 4 1 0.05 0.02
40 4 1 0.05 0.03
40 4 1 0.05 0.04
40 4 1 0.05 0.05 
40 4 2 0.01 0.01
40 4 2 0.01 0.02
40 4 2 0.01 0.03
40 4 2 0.01 0.04
40 4 2 0.01 0.05 
40 4 2 0.02 0.01
40 4 2 0.02 0.02
40 4 2 0.02 0.03
40 4 2 0.02 0.04
40 4 2 0.02 0.05 
40 4 2 0.03 0.01
40 4 2 0.03 0.02
40 4 2 0.03 0.03
40 4 2 0.03 0.04
40 4 2 0.03 0.05 
40 4 2 0.04 0.01
40 4 2 0.04 0.02
40 4 2 0.04 0.03
40 4 2 0.04 0.04
40 4 2 0.04 0.05 
40 4 2 0.05 0.01
40 4 2 0.05 0.02
40 4 2 0.05 0.03
40 4 2 0.05 0.04
40 4 2 0.05 0.05 
40 4 4 0.01 0.01
40 4 4 0.01 0.02
40 4 4 0.01 0.03
40 4 4 0.01 0.04
40 4 4 0.01 0.05 
40 4 4 0.02 0.01
40 4 4 0.02 0.02
40 4 4 0.02 0.03
40 4 4 0.02 0.04
40 4 4 0.02 0.05 
40 4 4 0.03 0.01
40 4 4 0.03 0.02
40 4 4 0.03 0.03
40 4 4 0.03 0.04
40 4 4 0.03 0.05 
40 4 4 0.04 0.01
40 4 4 0.04 0.02
40 4 4 0.04 0.03
40 4 4 0.04 0.04
40 4 4 0.04 0.05 
40 4 4 0.05 0.01
40 4 4 0.05 0.02
40 4 4 0.05 0.03
40 4 4 0.05 0.04
40 4 4 0.05 0.05
45 1 1 0.01 0.01
45 1 1 0.01 0.02
45 1 1 0.01 0.03
45 1 1 0.01 0.04
45 1 1 0.01 0.05
45 1 1 0.02 0.01
45 1 1 0.02 0.02
45 1 1 0.02 0.03
45 1 1 0.02 0.04
45 1 1 0.02 0.05
45 1 1 0.03 0.01
45 1 1 0.03 0.02
45 1 1 0.03 0.03
45 1 1 0.03 0.04
45 1 1 0.03 0.05
45 1 1 0.04 0.01
45 1 1 0.04 0.02
45 1 1 0.04 0.03
45 1 1 0.04 0.04
45 1 1 0.04 0.05 
45 1 1 0.05 0.01
45 1 1 0.05 0.02
45 1 1 0.05 0.03
45 1 1 0.05 0.04
45 1 1 0.05 0.05 
45 1 2 0.01 0.01
45 1 2 0.01 0.02
45 1 2 0.01 0.03
45 1 2 0.01 0.04
45 1 2 0.01 0.05 
45 1 2 0.02 0.01
45 1 2 0.02 0.02
45 1 2 0.02 0.03
45 1 2 0.02 0.04
45 1 2 0.02 0.05 
45 1 2 0.03 0.01
45 1 2 0.03 0.02
45 1 2 0.03 0.03
45 1 2 0.03 0.04
45 1 2 0.03 0.05 
45 1 2 0.04 0.01
45 1 2 0.04 0.02
45 1 2 0.04 0.03
45 1 2 0.04 0.04
45 1 2 0.04 0.05 
45 1 2 0.05 0.01
45 1 2 0.05 0.02
45 1 2 0.05 0.03
45 1 2 0.05 0.04
45 1 2 0.05 0.05 
45 1 4 0.01 0.01
45 1 4 0.01 0.02
45 1 4 0.01 0.03
45 1 4 0.01 0.04
45 1 4 0.01 0.05 
45 1 4 0.02 0.01
45 1 4 0.02 0.02
45 1 4 0.02 0.03
45 1 4 0.02 0.04
45 1 4 0.02 0.05 
45 1 4 0.03 0.01
45 1 4 0.03 0.02
45 1 4 0.03 0.03
45 1 4 0.03 0.04
45 1 4 0.03 0.05 
45 1 4 0.04 0.01
45 1 4 0.04 0.02
45 1 4 0.04 0.03
45 1 4 0.04 0.04
45 1 4 0.04 0.05 
45 1 4 0.05 0.01
45 1 4 0.05 0.02
45 1 4 0.05 0.03
45 1 4 0.05 0.04
45 1 4 0.05 0.05 
45 2 1 0.01 0.01
45 2 1 0.01 0.02
45 2 1 0.01 0.03
45 2 1 0.01 0.04
45 2 1 0.01 0.05 
45 2 1 0.02 0.01
45 2 1 0.02 0.02
45 2 1 0.02 0.03
45 2 1 0.02 0.04
45 2 1 0.02 0.05 
45 2 1 0.03 0.01
45 2 1 0.03 0.02
45 2 1 0.03 0.03
45 2 1 0.03 0.04
45 2 1 0.03 0.05 
45 2 1 0.04 0.01
45 2 1 0.04 0.02
45 2 1 0.04 0.03
45 2 1 0.04 0.04
45 2 1 0.04 0.05 
45 2 1 0.05 0.01
45 2 1 0.05 0.02
45 2 1 0.05 0.03
45 2 1 0.05 0.04
45 2 1 0.05 0.05 
45 2 2 0.01 0.01
45 2 2 0.01 0.02
45 2 2 0.01 0.03
45 2 2 0.01 0.04
45 2 2 0.01 0.05 
45 2 2 0.02 0.01
45 2 2 0.02 0.02
45 2 2 0.02 0.03
45 2 2 0.02 0.04
45 2 2 0.02 0.05 
45 2 2 0.03 0.01
45 2 2 0.03 0.02
45 2 2 0.03 0.03
45 2 2 0.03 0.04
45 2 2 0.03 0.05 
45 2 2 0.04 0.01
45 2 2 0.04 0.02
45 2 2 0.04 0.03
45 2 2 0.04 0.04
45 2 2 0.04 0.05 
45 2 2 0.05 0.01
45 2 2 0.05 0.02
45 2 2 0.05 0.03
45 2 2 0.05 0.04
45 2 2 0.05 0.05 
45 2 4 0.01 0.01
45 2 4 0.01 0.02
45 2 4 0.01 0.03
45 2 4 0.01 0.04
45 2 4 0.01 0.05 
45 2 4 0.02 0.01
45 2 4 0.02 0.02
45 2 4 0.02 0.03
45 2 4 0.02 0.04
45 2 4 0.02 0.05 
45 2 4 0.03 0.01
45 2 4 0.03 0.02
45 2 4 0.03 0.03
45 2 4 0.03 0.04
45 2 4 0.03 0.05 
45 2 4 0.04 0.01
45 2 4 0.04 0.02
45 2 4 0.04 0.03
45 2 4 0.04 0.04
45 2 4 0.04 0.05 
45 2 4 0.05 0.01
45 2 4 0.05 0.02
45 2 4 0.05 0.03
45 2 4 0.05 0.04
45 2 4 0.05 0.05 
45 4 1 0.01 0.01
45 4 1 0.01 0.02
45 4 1 0.01 0.03
45 4 1 0.01 0.04
45 4 1 0.01 0.05 
45 4 1 0.02 0.01
45 4 1 0.02 0.02
45 4 1 0.02 0.03
45 4 1 0.02 0.04
45 4 1 0.02 0.05 
45 4 1 0.03 0.01
45 4 1 0.03 0.02
45 4 1 0.03 0.03
45 4 1 0.03 0.04
45 4 1 0.03 0.05 
45 4 1 0.04 0.01
45 4 1 0.04 0.02
45 4 1 0.04 0.03
45 4 1 0.04 0.04
45 4 1 0.04 0.05 
45 4 1 0.05 0.01
45 4 1 0.05 0.02
45 4 1 0.05 0.03
45 4 1 0.05 0.04
45 4 1 0.05 0.05 
45 4 2 0.01 0.01
45 4 2 0.01 0.02
45 4 2 0.01 0.03
45 4 2 0.01 0.04
45 4 2 0.01 0.05 
45 4 2 0.02 0.01
45 4 2 0.02 0.02
45 4 2 0.02 0.03
45 4 2 0.02 0.04
45 4 2 0.02 0.05 
45 4 2 0.03 0.01
45 4 2 0.03 0.02
45 4 2 0.03 0.03
45 4 2 0.03 0.04
45 4 2 0.03 0.05 
45 4 2 0.04 0.01
45 4 2 0.04 0.02
45 4 2 0.04 0.03
45 4 2 0.04 0.04
45 4 2 0.04 0.05 
45 4 2 0.05 0.01
45 4 2 0.05 0.02
45 4 2 0.05 0.03
45 4 2 0.05 0.04
45 4 2 0.05 0.05 
45 4 4 0.01 0.01
45 4 4 0.01 0.02
45 4 4 0.01 0.03
45 4 4 0.01 0.04
45 4 4 0.01 0.05 
45 4 4 0.02 0.01
45 4 4 0.02 0.02
45 4 4 0.02 0.03
45 4 4 0.02 0.04
45 4 4 0.02 0.05 
45 4 4 0.03 0.01
45 4 4 0.03 0.02
45 4 4 0.03 0.03
45 4 4 0.03 0.04
45 4 4 0.03 0.05 
45 4 4 0.04 0.01
45 4 4 0.04 0.02
45 4 4 0.04 0.03
45 4 4 0.04 0.04
45 4 4 0.04 0.05 
45 4 4 0.05 0.01
45 4 4 0.05 0.02
45 4 4 0.05 0.03
45 4 4 0.05 0.04
45 4 4 0.05 0.05
50 1 1 0.01 0.01
50 1 1 0.01 0.02
50 1 1 0.01 0.03
50 1 1 0.01 0.04
50 1 1 0.01 0.05
50 1 1 0.02 0.01
50 1 1 0.02 0.02
50 1 1 0.02 0.03
50 1 1 0.02 0.04
50 1 1 0.02 0.05
50 1 1 0.03 0.01
50 1 1 0.03 0.02
50 1 1 0.03 0.03
50 1 1 0.03 0.04
50 1 1 0.03 0.05
50 1 1 0.04 0.01
50 1 1 0.04 0.02
50 1 1 0.04 0.03
50 1 1 0.04 0.04
50 1 1 0.04 0.05 
50 1 1 0.05 0.01
50 1 1 0.05 0.02
50 1 1 0.05 0.03
50 1 1 0.05 0.04
50 1 1 0.05 0.05 
50 1 2 0.01 0.01
50 1 2 0.01 0.02
50 1 2 0.01 0.03
50 1 2 0.01 0.04
50 1 2 0.01 0.05 
50 1 2 0.02 0.01
50 1 2 0.02 0.02
50 1 2 0.02 0.03
50 1 2 0.02 0.04
50 1 2 0.02 0.05 
50 1 2 0.03 0.01
50 1 2 0.03 0.02
50 1 2 0.03 0.03
50 1 2 0.03 0.04
50 1 2 0.03 0.05 
50 1 2 0.04 0.01
50 1 2 0.04 0.02
50 1 2 0.04 0.03
50 1 2 0.04 0.04
50 1 2 0.04 0.05 
50 1 2 0.05 0.01
50 1 2 0.05 0.02
50 1 2 0.05 0.03
50 1 2 0.05 0.04
50 1 2 0.05 0.05 
50 1 4 0.01 0.01
50 1 4 0.01 0.02
50 1 4 0.01 0.03
50 1 4 0.01 0.04
50 1 4 0.01 0.05 
50 1 4 0.02 0.01
50 1 4 0.02 0.02
50 1 4 0.02 0.03
50 1 4 0.02 0.04
50 1 4 0.02 0.05 
50 1 4 0.03 0.01
50 1 4 0.03 0.02
50 1 4 0.03 0.03
50 1 4 0.03 0.04
50 1 4 0.03 0.05 
50 1 4 0.04 0.01
50 1 4 0.04 0.02
50 1 4 0.04 0.03
50 1 4 0.04 0.04
50 1 4 0.04 0.05 
50 1 4 0.05 0.01
50 1 4 0.05 0.02
50 1 4 0.05 0.03
50 1 4 0.05 0.04
50 1 4 0.05 0.05 
50 2 1 0.01 0.01
50 2 1 0.01 0.02
50 2 1 0.01 0.03
50 2 1 0.01 0.04
50 2 1 0.01 0.05 
50 2 1 0.02 0.01
50 2 1 0.02 0.02
50 2 1 0.02 0.03
50 2 1 0.02 0.04
50 2 1 0.02 0.05 
50 2 1 0.03 0.01
50 2 1 0.03 0.02
50 2 1 0.03 0.03
50 2 1 0.03 0.04
50 2 1 0.03 0.05 
50 2 1 0.04 0.01
50 2 1 0.04 0.02
50 2 1 0.04 0.03
50 2 1 0.04 0.04
50 2 1 0.04 0.05 
50 2 1 0.05 0.01
50 2 1 0.05 0.02
50 2 1 0.05 0.03
50 2 1 0.05 0.04
50 2 1 0.05 0.05 
50 2 2 0.01 0.01
50 2 2 0.01 0.02
50 2 2 0.01 0.03
50 2 2 0.01 0.04
50 2 2 0.01 0.05 
50 2 2 0.02 0.01
50 2 2 0.02 0.02
50 2 2 0.02 0.03
50 2 2 0.02 0.04
50 2 2 0.02 0.05 
50 2 2 0.03 0.01
50 2 2 0.03 0.02
50 2 2 0.03 0.03
50 2 2 0.03 0.04
50 2 2 0.03 0.05 
50 2 2 0.04 0.01
50 2 2 0.04 0.02
50 2 2 0.04 0.03
50 2 2 0.04 0.04
50 2 2 0.04 0.05 
50 2 2 0.05 0.01
50 2 2 0.05 0.02
50 2 2 0.05 0.03
50 2 2 0.05 0.04
50 2 2 0.05 0.05 
50 2 4 0.01 0.01
50 2 4 0.01 0.02
50 2 4 0.01 0.03
50 2 4 0.01 0.04
50 2 4 0.01 0.05 
50 2 4 0.02 0.01
50 2 4 0.02 0.02
50 2 4 0.02 0.03
50 2 4 0.02 0.04
50 2 4 0.02 0.05 
50 2 4 0.03 0.01
50 2 4 0.03 0.02
50 2 4 0.03 0.03
50 2 4 0.03 0.04
50 2 4 0.03 0.05 
50 2 4 0.04 0.01
50 2 4 0.04 0.02
50 2 4 0.04 0.03
50 2 4 0.04 0.04
50 2 4 0.04 0.05 
50 2 4 0.05 0.01
50 2 4 0.05 0.02
50 2 4 0.05 0.03
50 2 4 0.05 0.04
50 2 4 0.05 0.05 
50 4 1 0.01 0.01
50 4 1 0.01 0.02
50 4 1 0.01 0.03
50 4 1 0.01 0.04
50 4 1 0.01 0.05 
50 4 1 0.02 0.01
50 4 1 0.02 0.02
50 4 1 0.02 0.03
50 4 1 0.02 0.04
50 4 1 0.02 0.05 
50 4 1 0.03 0.01
50 4 1 0.03 0.02
50 4 1 0.03 0.03
50 4 1 0.03 0.04
50 4 1 0.03 0.05 
50 4 1 0.04 0.01
50 4 1 0.04 0.02
50 4 1 0.04 0.03
50 4 1 0.04 0.04
50 4 1 0.04 0.05 
50 4 1 0.05 0.01
50 4 1 0.05 0.02
50 4 1 0.05 0.03
50 4 1 0.05 0.04
50 4 1 0.05 0.05 
50 4 2 0.01 0.01
50 4 2 0.01 0.02
50 4 2 0.01 0.03
50 4 2 0.01 0.04
50 4 2 0.01 0.05 
50 4 2 0.02 0.01
50 4 2 0.02 0.02
50 4 2 0.02 0.03
50 4 2 0.02 0.04
50 4 2 0.02 0.05 
50 4 2 0.03 0.01
50 4 2 0.03 0.02
50 4 2 0.03 0.03
50 4 2 0.03 0.04
50 4 2 0.03 0.05 
50 4 2 0.04 0.01
50 4 2 0.04 0.02
50 4 2 0.04 0.03
50 4 2 0.04 0.04
50 4 2 0.04 0.05 
50 4 2 0.05 0.01
50 4 2 0.05 0.02
50 4 2 0.05 0.03
50 4 2 0.05 0.04
50 4 2 0.05 0.05 
50 4 4 0.01 0.01
50 4 4 0.01 0.02
50 4 4 0.01 0.03
50 4 4 0.01 0.04
50 4 4 0.01 0.05 
50 4 4 0.02 0.01
50 4 4 0.02 0.02
50 4 4 0.02 0.03
50 4 4 0.02 0.04
50 4 4 0.02 0.05 
50 4 4 0.03 0.01
50 4 4 0.03 0.02
50 4 4 0.03 0.03
50 4 4 0.03 0.04
50 4 4 0.03 0.05 
50 4 4 0.04 0.01
50 4 4 0.04 0.02
50 4 4 0.04 0.03
50 4 4 0.04 0.04
50 4 4 0.04 0.05 
50 4 4 0.05 0.01
50 4 4 0.05 0.02
50 4 4 0.05 0.03
50 4 4 0.05 0.04
50 4 4 0.05 0.05
55 1 1 0.01 0.01
55 1 1 0.01 0.02
55 1 1 0.01 0.03
55 1 1 0.01 0.04
55 1 1 0.01 0.05
55 1 1 0.02 0.01
55 1 1 0.02 0.02
55 1 1 0.02 0.03
55 1 1 0.02 0.04
55 1 1 0.02 0.05
55 1 1 0.03 0.01
55 1 1 0.03 0.02
55 1 1 0.03 0.03
55 1 1 0.03 0.04
55 1 1 0.03 0.05
55 1 1 0.04 0.01
55 1 1 0.04 0.02
55 1 1 0.04 0.03
55 1 1 0.04 0.04
55 1 1 0.04 0.05 
55 1 1 0.05 0.01
55 1 1 0.05 0.02
55 1 1 0.05 0.03
55 1 1 0.05 0.04
55 1 1 0.05 0.05 
55 1 2 0.01 0.01
55 1 2 0.01 0.02
55 1 2 0.01 0.03
55 1 2 0.01 0.04
55 1 2 0.01 0.05 
55 1 2 0.02 0.01
55 1 2 0.02 0.02
55 1 2 0.02 0.03
55 1 2 0.02 0.04
55 1 2 0.02 0.05 
55 1 2 0.03 0.01
55 1 2 0.03 0.02
55 1 2 0.03 0.03
55 1 2 0.03 0.04
55 1 2 0.03 0.05 
55 1 2 0.04 0.01
55 1 2 0.04 0.02
55 1 2 0.04 0.03
55 1 2 0.04 0.04
55 1 2 0.04 0.05 
55 1 2 0.05 0.01
55 1 2 0.05 0.02
55 1 2 0.05 0.03
55 1 2 0.05 0.04
55 1 2 0.05 0.05 
55 1 4 0.01 0.01
55 1 4 0.01 0.02
55 1 4 0.01 0.03
55 1 4 0.01 0.04
55 1 4 0.01 0.05 
55 1 4 0.02 0.01
55 1 4 0.02 0.02
55 1 4 0.02 0.03
55 1 4 0.02 0.04
55 1 4 0.02 0.05 
55 1 4 0.03 0.01
55 1 4 0.03 0.02
55 1 4 0.03 0.03
55 1 4 0.03 0.04
55 1 4 0.03 0.05 
55 1 4 0.04 0.01
55 1 4 0.04 0.02
55 1 4 0.04 0.03
55 1 4 0.04 0.04
55 1 4 0.04 0.05 
55 1 4 0.05 0.01
55 1 4 0.05 0.02
55 1 4 0.05 0.03
55 1 4 0.05 0.04
55 1 4 0.05 0.05 
55 2 1 0.01 0.01
55 2 1 0.01 0.02
55 2 1 0.01 0.03
55 2 1 0.01 0.04
55 2 1 0.01 0.05 
55 2 1 0.02 0.01
55 2 1 0.02 0.02
55 2 1 0.02 0.03
55 2 1 0.02 0.04
55 2 1 0.02 0.05 
55 2 1 0.03 0.01
55 2 1 0.03 0.02
55 2 1 0.03 0.03
55 2 1 0.03 0.04
55 2 1 0.03 0.05 
55 2 1 0.04 0.01
55 2 1 0.04 0.02
55 2 1 0.04 0.03
55 2 1 0.04 0.04
55 2 1 0.04 0.05 
55 2 1 0.05 0.01
55 2 1 0.05 0.02
55 2 1 0.05 0.03
55 2 1 0.05 0.04
55 2 1 0.05 0.05 
55 2 2 0.01 0.01
55 2 2 0.01 0.02
55 2 2 0.01 0.03
55 2 2 0.01 0.04
55 2 2 0.01 0.05 
55 2 2 0.02 0.01
55 2 2 0.02 0.02
55 2 2 0.02 0.03
55 2 2 0.02 0.04
55 2 2 0.02 0.05 
55 2 2 0.03 0.01
55 2 2 0.03 0.02
55 2 2 0.03 0.03
55 2 2 0.03 0.04
55 2 2 0.03 0.05 
55 2 2 0.04 0.01
55 2 2 0.04 0.02
55 2 2 0.04 0.03
55 2 2 0.04 0.04
55 2 2 0.04 0.05 
55 2 2 0.05 0.01
55 2 2 0.05 0.02
55 2 2 0.05 0.03
55 2 2 0.05 0.04
55 2 2 0.05 0.05 
55 2 4 0.01 0.01
55 2 4 0.01 0.02
55 2 4 0.01 0.03
55 2 4 0.01 0.04
55 2 4 0.01 0.05 
55 2 4 0.02 0.01
55 2 4 0.02 0.02
55 2 4 0.02 0.03
55 2 4 0.02 0.04
55 2 4 0.02 0.05 
55 2 4 0.03 0.01
55 2 4 0.03 0.02
55 2 4 0.03 0.03
55 2 4 0.03 0.04
55 2 4 0.03 0.05 
55 2 4 0.04 0.01
55 2 4 0.04 0.02
55 2 4 0.04 0.03
55 2 4 0.04 0.04
55 2 4 0.04 0.05 
55 2 4 0.05 0.01
55 2 4 0.05 0.02
55 2 4 0.05 0.03
55 2 4 0.05 0.04
55 2 4 0.05 0.05 
55 4 1 0.01 0.01
55 4 1 0.01 0.02
55 4 1 0.01 0.03
55 4 1 0.01 0.04
55 4 1 0.01 0.05 
55 4 1 0.02 0.01
55 4 1 0.02 0.02
55 4 1 0.02 0.03
55 4 1 0.02 0.04
55 4 1 0.02 0.05 
55 4 1 0.03 0.01
55 4 1 0.03 0.02
55 4 1 0.03 0.03
55 4 1 0.03 0.04
55 4 1 0.03 0.05 
55 4 1 0.04 0.01
55 4 1 0.04 0.02
55 4 1 0.04 0.03
55 4 1 0.04 0.04
55 4 1 0.04 0.05 
55 4 1 0.05 0.01
55 4 1 0.05 0.02
55 4 1 0.05 0.03
55 4 1 0.05 0.04
55 4 1 0.05 0.05 
55 4 2 0.01 0.01
55 4 2 0.01 0.02
55 4 2 0.01 0.03
55 4 2 0.01 0.04
55 4 2 0.01 0.05 
55 4 2 0.02 0.01
55 4 2 0.02 0.02
55 4 2 0.02 0.03
55 4 2 0.02 0.04
55 4 2 0.02 0.05 
55 4 2 0.03 0.01
55 4 2 0.03 0.02
55 4 2 0.03 0.03
55 4 2 0.03 0.04
55 4 2 0.03 0.05 
55 4 2 0.04 0.01
55 4 2 0.04 0.02
55 4 2 0.04 0.03
55 4 2 0.04 0.04
55 4 2 0.04 0.05 
55 4 2 0.05 0.01
55 4 2 0.05 0.02
55 4 2 0.05 0.03
55 4 2 0.05 0.04
55 4 2 0.05 0.05 
55 4 4 0.01 0.01
55 4 4 0.01 0.02
55 4 4 0.01 0.03
55 4 4 0.01 0.04
55 4 4 0.01 0.05 
55 4 4 0.02 0.01
55 4 4 0.02 0.02
55 4 4 0.02 0.03
55 4 4 0.02 0.04
55 4 4 0.02 0.05 
55 4 4 0.03 0.01
55 4 4 0.03 0.02
55 4 4 0.03 0.03
55 4 4 0.03 0.04
55 4 4 0.03 0.05 
55 4 4 0.04 0.01
55 4 4 0.04 0.02
55 4 4 0.04 0.03
55 4 4 0.04 0.04
55 4 4 0.04 0.05 
55 4 4 0.05 0.01
55 4 4 0.05 0.02
55 4 4 0.05 0.03
55 4 4 0.05 0.04
55 4 4 0.05 0.05